26
64
33
25
68
3
18
80
46
57
95
10
15
11
20
95
33
82
76
20
77
17
24
81
33
63
81
4
63
43
37
25
19
86
90
90
53
37
53
8
9
51
47
62
70
31
14
87
40
72
91
79
76
67
73
63
2
58
80
81
35
3
25
54
16
53
7
80
71
22
87
82
62
51
29
4
56
46
11
80
21
12
52
87
2
91
33
4
100
60
90
26
7
27
38
56
74
53
78
81
57
72
5
96
100
56
44
81
18
59
34
55
81
81
82
30
86
56
68
16
56
31
5
12
61
38
50
34
97
60
68
82
54
61
78
19
6
90
67
46
93
14
74
71
12
22
81
51
82
6
86
12
71
65
89
81
56
95
92
23
2
4
6
96
82
88
63
6
58
51
94
92
42
38
80
100
35
92
26
60
21
1
27
54
74
50
43
75
5
59
89
35
45
96
57
19
38
17
92
97
70
46
3
27
14
41
3
97
100
27
94
28
42
5
73
67
12
44
74
24
64
7
89
52
40
50
24
13
31
33
78
61
89
76
49
31
13
18
7
38
38
88
90
45
60
11
38
15
94
89
57
12
77
80
45
42
44
12
51
3
29
56
36
68
14
28
94
76
69
26
32
60
7
58
58
78
99
32
17
14
40
89
68
47
92
37
100
64
99
10
48
87
57
72
3
23
74
88
20
24
46
48
50
93
28
4
50
1
17
61
84
3
52
41
93
37
41
25
70
52
76
46
16
86
78
54
33
56
48
81
36
50
82
93
52
50
45
64
98
36
93
52
20
36
22
90
5
60
12
98
34
99
27
64
62
53
19
96
13
3
77
35
63
39
1
66
16
88
40
58
19
93
88
100
30
51
43
84
30
58
58
17
45
39
27
69
54
12
21
85
34
69
48
44
95
26
63
40
61
29
28
38
90
21
68
8
22
88
90
78
63
47
10
82
1
3
73
72
8
12
25
85
75
87
91
38
52
74
73
62
76
66
44
39
96
83
55
43
93
100
82
99
100
3
40
79
20
6
66
58
25
29
87
89
16
76
60
71
21
94
74
67
40
62
8
68
10
23
74
7
53
85
89
43
32
23
16
85
73
1
52
31
98
94
84
3
15
49
87
50
25
49
13
41
29
24
70
64
35
7
38
67
46
79
17
62
59
87
7
28
40
88
92
81
4
85
64
53
9
75
3
100
15
43
87
12
63
70
3
98
42
77
64
63
66
40
1
56
95
22
21
48
8
40
62
1
53
23
49
64
99
46
33
75
88
33
65
40
51
67
69
46
49
8
71
30
9
58
77
55
91
38
25
94
74
16
60
17
3
80
32
98
56
100
74
28
97
29
75
60
30
55
77
64
39
29
100
64
100
14
79
86
87
26
78
20
25
59
31
46
55
10
51
99
6
48
38
25
28
69
60
88
53
30
46
60
39
43
67
48
36
87
90
37
60
9
21
24
75
100
48
12
52
2
67
99
36
61
85
62
62
52
21
45
66
35
30
10
92
37
49
28
86
41
24
46
24
81
79
92
63
92
8
2
76
84
1
31
62
51
81
86
66
34
30
38
82
12
88
20
8
5
86
92
81
10
82
71
4
70
79
81
97
27
35
13
31
95
29
81
8
96
2
88
27
61
37
35
46
31
31
83
16
37
97
65
73
38
100
74
88
91
83
15
82
1
72
85
35
61
65
1
82
67
14
22
30
58
22
4
59
38
24
83
9
84
37
19
48
63
19
69
61
54
71
53
63
2
75
30
19
72
90
92
84
88
88
76
93
29
5
51
12
97
52
6
6
11
3
24
79
54
93
85
74
27
85
96
88
55
35
87
19
95
46
100
87
7
66
16
87
1
17
44
36
92
69
95
12
18
20
20
16
99
54
25
56
78
82
14
16
93
9
59
26
18
19
9
25
29
99
80
41
36
63
68
57
63
37
9
97
13
53
5
53
63
91
8
33
89
84
26
50
60
59
76
20
2
81
100
90
91
97
96
96
43
71
62
46
93
70
98
25
37
59
35
21
61
9
90
79
29
79
99
80
96
97
65
26
29
82
71
35
60
47
12
19
44
50
2
32
79
2
77
52
12
18
51
60
88
57
81
41
52
44
88
70
28
33
73
62
99
91
73
38
67
63
32
42
32
25
19
51
61
34
45
69
1
42
19
88
84
68
37
22
73
27
31
57
95
50
75
98
18
92
65
75
53
36
43
31
1
99
11
34
52
28
35
23
42
42
2
36
87
48
52
82
100
34
80
95
34
15
1
34
35
1
47
89
61
